24,36
24,35
0,534
111,3
111,2
111,1
111,0
110,3
110,2
110,1
110,0
109,3
109,2
109,1
109,0
108,3
108,2
108,1
108,0
107,4
107,3
107,2
107,1
107,0
106,4
106,3
106,2
106,1
106,0
105,3
105,2
105,1
105,0
104,3
104,2
104,1
104,0
0,533
0,532
103,3
103,2
103,1
103,0
0,531
0,530
102,3
102,2
102,1
102,0
101,4
101,3
101,2
101,1
101,0
100,4
100,3
100,2
100,1
100,0
99,3
99,2
99,1
99,0
98,4
98,3
98,2
98,1
98,0
0,529
97,4
97,3
97,2
97,1
97,0
0,528
0,527
0,526
96,4
96,3
96,2
96,1
96,0
0,525
0,524
95,4
95,3
95,2
95,1
95,0
0,523
0,522
0,521
94,3
94,2
94,1
94,0
0,520
0,519
0,518
93,4
93,3
93,2
93,1
93,0
0,517
92,4
92,3
92,2
0,516
92,1
92,0
91,3
91,2
91,1
91,0
90,3
90,2
90,1
90,0
0,515
0,514
89,3
89,2
89,1
89,0
88,3
88,2
88,1
88,0
0,513
87,3
87,2
0,512
87,1
87,0
86,3
86,2
86,1
86,0
0,511
0,510
59,4
0,509
0,508
58,4
57,4
0,507
85,3
85,2
85,1
85,0
84,3
84,2
84,1
84,0
83,3
83,2
83,1
83,0
82,3
82,2
82,1
82,0
81,4
81,3
81,2
81,1
81,0
0,506
0,505
80,4
80,3
80,2
80,1
80,0
0,504
0,503
79,3
79,2
0,502
79,1
79,0
49,4
0,501
0,500
48,4
0,499
0,498
0,497
78,3
78,2
78,1
78,0
0,496
0,495
77,3
77,2
77,1
77,0
0,494
0,493
76,3
76,2
76,1
76,0
0,492
0,491
44,4
0,490
0,489
75,4
75,3
75,2
75,1
